23

[01]
2 1
10 0
3 1
8 0
5 1
7 1
9 0
5 1
3 1
2 1
Sum of each group : [27, 27]

[02]
2 1
10 0
3 1
8 1
5 1
7 1
9 0
5 0
3 0
2 1
Sum of each group : [27, 27]

[03]
2 1
10 0
3 0
8 1
5 1
7 1
9 0
5 0
3 1
2 1
Sum of each group : [27, 27]

[04]
2 1
10 0
3 1
8 1
5 0
7 1
9 0
5 1
3 0
2 1
Sum of each group : [27, 27]

[05]
2 1
10 0
3 0
8 1
5 0
7 1
9 0
5 1
3 1
2 1
Sum of each group : [27, 27]

[06]
2 1
10 0
3 0
8 1
5 1
7 1
9 0
5 1
3 0
2 0
Sum of each group : [27, 27]

[07]
2 0
10 0
3 0
8 1
5 1
7 1
9 0
5 1
3 0
2 1
Sum of each group : [27, 27]

[08]
2 1
10 0
3 1
8 0
5 1
7 0
9 1
5 1
3 1
2 0
Sum of each group : [27, 27]

[09]
2 0
10 0
3 1
8 0
5 1
7 0
9 1
5 1
3 1
2 1
Sum of each group : [27, 27]

[10]
2 0
10 0
3 1
8 0
5 1
7 1
9 1
5 0
3 1
2 0
Sum of each group : [27, 27]

[11]
2 0
10 0
3 1
8 0
5 0
7 1
9 1
5 1
3 1
2 0
Sum of each group : [27, 27]

[12]
2 1
10 0
3 1
8 1
5 0
7 0
9 1
5 0
3 1
2 1
Sum of each group : [27, 27]

[13]
2 1
10 0
3 1
8 1
5 1
7 0
9 1
5 0
3 0
2 0
Sum of each group : [27, 27]

[14]
2 0
10 0
3 1
8 1
5 1
7 0
9 1
5 0
3 0
2 1
Sum of each group : [27, 27]

[15]
2 1
10 0
3 0
8 1
5 1
7 0
9 1
5 0
3 1
2 0
Sum of each group : [27, 27]

[16]
2 0
10 0
3 0
8 1
5 1
7 0
9 1
5 0
3 1
2 1
Sum of each group : [27, 27]

[17]
2 1
10 0
3 1
8 1
5 0
7 0
9 1
5 1
3 0
2 0
Sum of each group : [27, 27]

[18]
2 0
10 0
3 1
8 1
5 0
7 0
9 1
5 1
3 0
2 1
Sum of each group : [27, 27]

[19]
2 1
10 0
3 0
8 1
5 0
7 0
9 1
5 1
3 1
2 0
Sum of each group : [27, 27]

[20]
2 0
10 0
3 0
8 1
5 0
7 0
9 1
5 1
3 1
2 1
Sum of each group : [27, 27]

[21]
2 0
10 0
3 0
8 1
5 1
7 0
9 1
5 1
3 0
2 0
Sum of each group : [27, 27]

[22]
2 0
10 0
3 1
8 1
5 0
7 1
9 1
5 0
3 0
2 0
Sum of each group : [27, 27]

[23]
2 0
10 0
3 0
8 1
5 0
7 1
9 1
5 0
3 1
2 0
Sum of each group : [27, 27]

